%YAML:1.0
---
mat: !!opencv-matrix
   rows: 3
   cols: 3
   dt: u
   data: [ 1, 1, 1, 1, 1, 1, 1, 1, 1 ]
float: 1.0100000381469727e+01
string: great
array:
   - 1
   - 3
   - 8
Jack:
   age: 18
   time:
      - 1
      - 45
      - 36
